% Gaussian boxcar template 5 x 5
function box = boxcarTemplate2D()

% Gaussian boxcar template
box = [0.0025 0.0125 0.0200 0.0125 0.0025;...
       0.0125 0.0625 0.1000 0.0625 0.0125;...
       0.0200 0.1000 0.1600 0.1000 0.0200;...
       0.0125 0.0625 0.1000 0.0625 0.0125;...
       0.0025 0.0125 0.0200 0.0125 0.0025;];
   
   return